2.397089122196707223e+01
-5.947647070311708717e+01
-2.445217769271484443e+01
-2.828957248282029724e+01
1.029584881775546279e+01
-1.047803773172269644e+02
4.981319271485787681e+01
5.863112467863314237e+01
-2.388417788375639716e+01
-6.941196773483748927e+01
-4.276010297020674500e+01
4.157539305045715139e+01
3.892049539991229068e+01
2.093245800135828105e+01
4.156592146268573629e+01
-7.690131363469340009e+00
-3.067644319360233141e+01
-2.195026871271551716e+00
-1.904482836511372312e+01
-6.518438425752822951e+00
4.136478288925640179e+00
9.063260528582985387e+01
8.844410732917058482e+00
6.640544424591135453e+01
-2.967026241024083788e+01
-3.185310267946209350e+01
1.307435133005930439e+01
5.738318758008766451e+01
1.085898907287757140e+02
3.328621618368649138e+01
1.438187485685864999e+02
3.579443178322783581e+01
4.632346685435508959e+01
1.098881016068468170e+02
-1.338881139788539372e+02
-4.691376790278035713e+01
-3.361597482410370219e+01
-2.387795684605482194e+01
2.663500695127389051e+01
-3.833140999469684118e+01
-1.979313964140873239e+01
5.340443335795452384e+00
1.235423869262208463e+01
-7.608357510008855229e+01
-1.128633721923866062e+02
-8.912220321425294856e+00
-5.819859006190211659e+01
-1.220325554437333579e+02
8.948741066507563957e+00
3.110736821731687485e+01
-2.347880784137456089e+01
1.071777679569550088e+02
-4.657253636400702135e+01
9.682880874010638905e+00
-9.191767685420474265e+01
-4.945254612469810951e+01
-3.130130932827490753e+01
7.431689844355341279e+01
-5.839318191519124213e+01
1.147060173295179482e+02
3.301171678298418755e+01
1.261339531161078327e+02
3.138697128926467572e-01
8.635252170680082884e+01
-5.397936352281361039e+00
-4.558819356923706323e+00
-1.016358367804385843e+01
2.438815365693648118e+01
6.405387325676781529e+01
-6.762721678505698719e+01
3.039812950540008529e+01
-1.571019834972170237e+01
-8.163860254396489324e+01
3.204809919932781526e+01
3.913408273351812738e+01
5.186159280379266789e+01
-5.537196284662734058e+01
-8.521629848414808350e+01
7.757213289875930684e+01
-3.890194423891904307e+01
7.735567401614346750e+01
6.724832548041084124e+01
5.059761113395039445e+01
6.500965598902003251e+01
1.196647856392562801e+02
1.213761293791254019e+02
2.350474142521556331e+01
-5.510146497150948619e+01
-1.665093591717139532e+02
-4.963431081343638596e+01
4.690278819292926116e+00
2.742469558504011928e+01
4.133371465340559325e+01
-4.415830892333485735e+01
6.751909527403525146e+01
-1.116678769410698635e+02
1.123733762361454893e+02
1.797675039925098872e+01
2.560941071597077467e+01
-1.007425246318201175e+02
-3.842071906548297733e+01
2.738253242544598720e+01
2.420910879554829620e+01
-9.553054102683286430e+01
5.956686480701208097e+01
5.755973196178584317e+01
-3.065006724298580920e+01
9.575635817588972998e+01
1.469403961559034144e+02
-7.642919662179672002e+00
-4.048675167651188644e+01
-4.352436905397106415e+01
4.083621644026892028e+01
5.265841888446543351e+01
-1.029536140578524197e+02
1.045199415931199916e+00
5.167302960332202844e+01
-8.286934965095063887e+01
-7.976653048847340166e+00
-1.414730040633931765e+02
-2.963402781473437386e+01
9.308007868360020609e+01
7.915590245235998168e+01
-2.911714015230065655e+01
8.287846598641921503e+01
-3.455445050060052381e+01
-4.660882340167324855e+01
1.877682012311142401e+01
1.719884459259191800e+01
-9.321102685098449570e+01
-5.804539974012482162e+01
-5.369644727880840129e+00
-4.708496994603522445e+00
-5.378951895043702081e+01
2.246590735575652076e+01
7.797300438306926651e+01
3.987505783821335115e+01
-2.401148651045975413e+01
-1.179595772884178295e+01
-3.230397032312081507e+01
4.947295133691710589e+01
-4.903526431070514491e+01
-5.678135415647840745e+00
-1.064612908071252804e+02
-4.331717504506784167e+01
-1.355181657376183679e+01
1.623251760715985981e+01
-1.485505426960959241e+01
-2.200557671395132786e+01
-6.149129578332757262e+01
-7.130138737582029762e+01
-8.923553425996541222e+00
2.042263831947034447e+01
5.881616428249120077e+01
4.863629620880536919e+01
-6.000567103405572311e+01
5.614449103417829434e+01
-6.976997186218327762e-01
6.005081335441622059e+01
-1.157237030550839592e+02
3.090910603432904225e+01
-3.596913199727708133e+01
5.562465102069968026e+01
-6.047396136452882587e+01
1.849048481325583992e+01
8.913104173200269997e+01
3.726668612271105729e+01
-2.741989806255739737e+01
6.954610785703783904e+01
-2.514748293075112784e+01
-1.099878856698592600e+01
7.679492521083260215e+01
-2.972543213746499546e+01
1.145323787700225040e+02
5.485282001356441128e+01
8.263129949278226150e+01
-3.424549040389856458e+01
-1.313860215847432933e+01
4.727808523760524650e+01
5.699361925930071493e+01
5.180314640440997209e+00
-3.255902964868209892e+01
-4.366934682761183240e+01
-1.625212424939978462e+01
-9.110235800489176938e+01
-2.933108750763553019e+01
2.181972920223291723e+01
1.309880150778238672e+01
1.099105703989476090e+01
-5.820687052043996346e+01
8.291369679430293615e+01
-8.685751470421452680e+00
6.928445973994710627e+00
-4.303524540790986919e+01
4.666220469128905535e+01
6.146643585283256073e+01
-2.991605733698106917e+01
2.183790961616159265e+01
-3.407138054454597054e+00
-4.626825455415111321e+01
-1.025920480099712506e+02
-1.323360397620792526e+02
-1.817275674985149436e+01
1.875208293204480370e+01
1.418781015939066847e+01
2.713004355929825095e+01
2.741738514323182940e+01
1.684732883969784112e+01
4.175042478493372755e+01
1.622271818193281945e+01
-3.650169295991009477e+01
-3.779004657812149048e+01
9.250126183581762973e+01
-6.222776854926756585e+01
-1.376004301031312416e+01
6.777668271672737887e+01
-9.906460101642663574e+01
3.155808588064223486e+01
-1.343803258306122750e+01
-4.188155230761749692e+01
-1.175029732366663282e+01
-1.607724684458419162e+01
-3.364935135218133588e+00
3.875004126426230755e+01
2.775019249885704653e+01
-1.153401465707918589e+02
-1.407202560350895624e+02
-7.098559457587330712e+01
-1.105191088985899484e+01
5.624325328316561468e+01
-2.735560313707562941e+01
-1.043399006216914700e+02
-5.937754290153924330e+01
-3.129108182116026171e+01
1.284715706702011495e+01
-3.958968684489705225e+01
-2.899279569247316246e+01
9.453081243761386077e+01
2.788275857976648808e+01
9.907423274494743026e+00
-7.346077697112902172e+01
5.827998463412482266e+01
-1.164582922426942702e+02
-1.103331690932493281e+00
-4.635691563310277274e+01
-4.692197540436934844e+01
-1.970362995230160763e+01
5.466741433844369169e+01
-2.251784745972297941e+01
-5.755055785444724847e+00
4.387779932980383713e+00
2.486744350762061018e+00
-1.335832266168897604e+02
1.242906524339297114e+01
-6.426854543170551892e+01
-4.219498399208546147e+01
-2.122091351600262499e+01
2.710212646793564417e+01
-5.429874360142210321e+01
2.166619404027016316e+01
-2.958657633244936846e+01
-3.143103589798451836e+01
6.183073651145623728e+01
2.442732400085185773e+01
5.243165639951826051e+01
3.468821936257165106e+01
5.274916105314347448e+01
3.371175821918582560e+00
4.244060200916912606e+01
-9.181518608883112620e+01
-9.809769800342101576e+01
-5.597360646533404349e+01
-6.840156500527241690e+01
-4.017530557559093296e+01
8.839315965556718879e+01
4.395935004877951258e+01
2.479108551428527107e+01
4.758360228681240045e+01
-1.695698825415535893e+01
4.108071810640784349e+01
-1.037686463514078916e+01
-1.231840446718234432e+02
-4.595882050630056881e+01
7.278256469317479116e+01
3.647304874231770810e+01
-5.119404093561106350e+01
-9.074474102190991687e+01
-8.417963440245248563e+00
8.944773046162238472e+01
8.521542698977042107e+01
6.562990145071921688e+01
7.675513765945431999e+01
-7.627402940200354919e+01
4.177895879075093433e+01
9.966888682328588800e+01
-6.590222563903513731e+01
-4.761236029006678905e+01
5.193467092229643356e+01
1.367154952852296503e+02
-9.384526002847081827e+01
1.089650654638357352e+01
-5.798481535358153138e+01
-4.386265598047919667e+01
-7.413115314639956921e+01
-7.407725594912956524e+01
7.373241033044541837e+01
2.305654891083932156e+01
-4.048053190350894681e+01
8.768043820239130071e+01
9.013942278270158681e+01
-2.954476623164997307e+01
2.903695600243746711e+01
-1.921803531738157034e+01
-6.154550870762750492e+01
7.355331197300212409e+01
2.341566160334186009e+01
-3.876215869971022698e+01
4.836144462391607846e+01
3.173971800846641145e+01
-8.079579527776168391e+01
2.799296810361737542e+01
1.083017904352487903e+02
2.798950431654368032e+01
-2.243840757951861420e+01
6.953618549619632461e+01
2.049559590975985834e+00
9.317230443646085547e+00
1.698834187840715160e+01
3.203730756910053401e+01
-1.326161656748619500e+01
-9.743842748945871435e+00
4.980306155524200307e+01
1.001605006273040175e+02
2.628449245182101279e+01
1.178386718063533749e+02
-6.071964380793766480e+01
-4.603429050226681696e+00
7.159798311782908797e+01
9.318662486258308775e+01
-4.836408188859473967e+01
5.620280502300150083e+00
5.909777343462295107e+01
-5.654167768228475666e+01
-2.125865729346547539e+01
6.451845567218549604e+01
1.968783956778269584e+01
-5.800869440115119602e+01
1.022969139226609343e+02
3.849725030026625205e+01
2.652228391279274433e+01
-5.630977458495688381e+01
-8.523758958042193967e+01
2.682657869506761728e+01
-4.870628169726286671e+01
-9.184162850910494669e+00
4.132318308596133960e+01
4.057123878761534463e+00
-1.021542064262329852e+01
-6.589919269188790452e+01
-2.891040448735983404e+01
1.519270532528761066e+02
-6.765462166789679088e+01
-2.894672504645742350e+01
-1.443264779558945747e+02
3.912636470909495046e+01
-4.867957327698869108e+01
-7.081982960842979935e+01
-2.066660697035557703e+01
-1.967188936725825243e+01
-4.604259823137320495e+01
1.591310719164449381e+02
-5.154852358621587527e+00
8.750172492856836470e+01
1.465878149475173302e+02
-4.891287239115376195e+01
-6.104336497005578899e+00
2.538929763468209444e+01
3.103793044618176111e+01
2.594871761518931663e+01
-3.884754049018040689e+01
-6.243540541566157032e+01
-4.502493483962435050e+01
-1.585500902347527017e+02
-2.800845338992287825e+00
-1.563629450281114828e+02
-1.101845663707573237e+02
-4.499643240972815761e+01
2.659402383909720058e+01
1.024136211022047860e+02
-6.659276823866603934e+01
1.077915427187621447e+02
1.201451448829653543e+02
-1.930043252368749052e+01
-5.819102221237110939e+01
-1.176552256978668538e+02
7.253822475251068624e+01
-7.384741623368533681e-01
7.607147189924299369e+01
-1.594029504129185852e+02
-1.092845204674798509e+02
1.001952793391504741e+02
-2.798806957740449164e+01
5.804912808635401689e+01
1.022695345020149773e+02
3.997413790885401141e+01
2.313168804077617935e+01
-5.454780387534573549e+01
1.166917261480586063e+02
-1.062661674735379194e+02
4.319764290843633603e+01
8.926372423323752514e+01
-6.159206388774034480e+01
8.514678441530111996e+00
1.345608335951878765e+01
6.145386343335569279e+01
1.066370816530893109e+02
1.187031556125106846e+01
-7.527266867794129723e+01
1.200889073730617156e+02
1.102128950501681359e+01
-3.528251676792214653e+01
-3.586097756342678622e+01
2.834435437728248530e+01
-1.839119675971909729e+00
1.884610464940168484e+01
1.096024965762540120e+02
-1.055407780734322074e+02
-7.811348966791322823e+01
1.220476085618953448e+02
4.246970758973871085e+01
-1.786596253199463149e+02
-5.993553132035084730e+01
8.048705945402348405e+00
-7.238960627004232151e+00
-1.951895379343835302e+01
-8.161428622168915581e+01
3.787087419012636502e+01
5.104844209249810660e+01
-1.036446524184574614e+01
4.132060592920765174e+01
7.522799045634064896e+01
-3.186659316648803042e+01
2.811034705948606316e+01
1.533163307516141742e+02
-2.514905118971823228e+01
2.380065500579009807e+01
-8.673927929854879437e+01
-2.125703509385036938e+01
-2.063069387057418425e+01
-4.027470051397917672e+01
-1.514244813756994006e+02
-7.057527602716598381e+01
-5.904998580811461295e+01
1.162877499922023183e+01
-5.151420958589822874e+01
-1.651479284048471925e+02
3.600968464895183985e+01
4.663893251189389133e+00
1.386989184126425911e+01
-4.835635762924012937e+01
6.091771483647548990e+01
-5.218852798553997019e+01
6.048517209944503037e+01
-5.523630543724963360e+01
-1.439358345372490362e+02
-8.866848510054950339e+01
5.179251073011440809e+01
1.023295223352889991e+02
-1.201332891141902053e+02
-9.594604353561233268e+01
-7.915895482901112246e+01
-3.571142010146979118e+01
2.764708555283839786e+01
3.248466454804017900e+01
-1.957448877514846330e+01
-4.734468348763227397e+01
4.217934820068865065e+01
-8.331251888218011104e+00
-8.339600578793732666e+01
1.374844219071056273e+02
-1.017379034983868991e+01
1.556598356544393980e+01
-1.056826512663059390e+02
-9.697694802850678286e+01
1.023507172698533196e+01
-6.602123528044774048e+01
1.661514605638146591e+01
6.141968803034943392e+01
-6.614853811417619056e+01
4.147711351129477464e+01
9.814537129496250145e+01
-2.081278638328934250e+01
-2.563253076225776361e+00
-5.331693747420668217e+01
8.960076074725107276e+01
-8.230592114169762397e+01
-5.453334686893851568e+01
-6.485160553439975217e+01
2.696907098925172974e+01
-5.441010817894071749e+01
-2.213734426631277685e+01
-4.690689097862144763e+01
-5.628543223178512989e+01
7.652949848507626029e+01
5.397251847790118973e+01
-2.340700482064717391e+01
-1.004541609231229273e+02
-2.884900424875910829e+01
1.635377336297442952e+01
8.091437714878968279e+01
1.839350034004320023e+01
9.108696023757197224e+00
-7.294250479850933289e+01
-6.285245346052330717e+01
6.715812386418927815e+01
3.118803604736987012e+01
-1.571570180178565579e+01
2.589650301892398687e+01
-2.416352858544122295e+00
1.011519439753332819e+02
3.323358809396629709e+01
-5.727992534922492496e+01
1.151747943714148192e+01
2.327248106589587096e+01
-4.176604184617329452e+01
-5.626603734350792507e+01
-5.420049378919541994e+01
-2.621203145926383726e+01
-3.453882512181279907e+01
-6.226176359365559421e+01
4.062315754303769566e+00
2.516948625359083280e+01
8.495532786584438156e+01
9.111109643468900288e+00
2.605761784525105540e+00
-2.692307342287731586e+01
-1.298696985130432324e+02
-5.530277305003000521e+01
5.679647222379323779e+01
-2.828437242959720166e+01
-6.375590637342538969e+01
8.662822960408092854e+00
-7.633073144193026849e+01
1.394520612376680546e+01
7.755360231636672097e+01
-3.154982950190670721e+01
1.387614228716193168e+02
-3.573969212754733604e+01
2.191977167774722091e+01
-9.849732214579734091e+01
1.160083762098982874e+01
3.533457507417787014e+01
6.382849649417983784e+01
2.103335263776174102e+01
2.331808877293874360e+01
-4.185753176771942208e+01
5.702381799874804980e-01
-8.295755593402354577e+01
8.643218321759945866e+01
1.016168273607229189e+01
-1.237283281423790271e+01
-6.516687592669296691e+01
6.577333285449009281e+01
-1.364267093848156165e+01
-1.005762429002506337e+02
6.289460886225791114e+01
8.320492388115245319e+01
8.748638197325410815e+00
8.609719122015711434e+01
-4.596677962829264885e+01
5.409682268060274168e+01
-7.924819978117407970e+01
3.814757150587650614e+01
-6.920372729174638948e+01
5.452986007174043692e+01
1.097827701365632791e+01
-1.156515384166654172e+02
-6.942284646990412966e+01
2.633320719068489879e+01
8.048493919849123301e+01
8.750631203720425333e+01
5.613196633794288459e+01
-1.874797825110714200e+01
2.976856821527718822e+01
-5.452160204718673953e+01
-9.221497783581132524e+01
-4.316949626531365425e+01
-1.006748796897119576e+02
7.221913502339914714e+01
-9.959132829063098313e+01
9.938765138512019348e+01
-1.151018378228051233e+02
-4.255851534899361610e+01
1.121643475246006290e+02
-4.201157132119554660e+01
3.161582613597560254e+01
9.801842823871670163e+00
9.856342402002462677e+01
-4.669325400936432402e+01
1.146414680364142242e+02
-5.626631458283800669e+01
6.895632772092916696e+01
-7.641517777837523795e+01
8.173017018691258073e+00
2.702356924209707500e+01
5.976088587272987951e+01
-5.539061807879764388e+01
-1.474063116163617160e+01
4.319905064552740015e+01
3.541576946324822472e+01
2.769096522896274504e+00
3.550251339633008740e+01
2.216414716047700395e+01
-6.733405917745704627e+00
1.795950749804616109e+01
4.151953234969672479e+01
-2.303199467544345680e+01
-1.546949305581594842e+02
-6.472918123342279273e+01
-1.465163753687805581e+01
-6.930692361913652633e+01
-4.398025760995689382e+01
7.876742979169824821e+01
5.443732936400471623e-01
-8.453525595357959332e+01
5.137731464075231713e+01
5.579289740295477174e+01
9.632629752526909783e+01
-6.033589467703521336e+01
-7.370511723455022945e+01
-1.145846351592462753e+01
4.291380193709193236e+01
-8.790324817009512515e+01
2.557455965173901902e+01
9.810907502484266018e+00
1.009211727918969892e+01
1.180385553990125374e+02
-3.056718965436391500e+01
-4.811232278308585109e+01
-8.268593738279585637e+01
1.081189034763086170e+02
-1.489675955374958249e+01
-9.710449937039750523e+01
3.959654317887051178e+01
-6.426285665152523308e+00
-2.593369709523708977e+01
-5.047875281434869521e+01
1.783543113352608600e+01
7.076683377150949639e+01
1.171778404728726883e+02
5.552970585658243863e+01
1.135714424484130269e+01
-5.268101189065425416e+01
-5.957644303101969285e+01
-7.494068533129969012e+01
1.931353761787830337e+01
1.019316596103660011e+01
-6.949504797294279612e+00
3.104412543732637886e+01
1.276476633411202855e+01
-3.604160780529860375e+01
-1.073385924350856442e+02
4.615195537741922038e+01
-6.632728388237462980e+01
-5.081595752921235487e+01
-5.195493390904247377e+01
8.546193952876355127e+01
-1.488435899981931598e+00
2.049542031030084033e+01
5.817652351843645420e+01
-7.763072362102631985e+01
5.125775342332872242e+01
-7.871060295881595437e+01
7.047082157923148316e+01
9.317303484970997829e+01
-6.654217220091448448e-01
1.357365870891277098e+02
-5.718157543514002583e+01
2.232526261426403025e+01
4.261086265259816486e+01
1.028664739707272986e+02
-3.595285616260670025e+01
7.364358991444998992e+01
-1.051597686019511997e+02
-1.863302163678237378e+01
6.318370652649739583e+01
3.910280061695015519e+01
-6.697657048470469832e+00
-9.740623084805892518e+01
6.426596944211566154e+01
-1.196415715024386728e+01
3.461220924494946161e+01
9.600960279717453716e+01
5.888877515912182048e+01
1.200114398538314617e+02
-2.597116350790611605e+01
-2.518342351903791254e+01
9.463451621556069782e+00
4.232173455264251061e+01
-8.872589875109621005e+01
5.432160347376573384e+01
8.354941150858806509e+00
1.877075235739399517e+01
-5.973167637381290263e+01
-5.326143753216988586e+01
-5.209960731213254093e+01
-8.331967060728787544e+01
6.128390744927244782e+00
4.128192876256708388e+01
-4.777520648333292996e+01
-5.563029593353191160e+01
3.265879709866096903e+01
-4.353349882545340677e+01
-3.949568527188605849e+00
-7.801861195943345706e+01
-4.993075668305142756e+01
-8.416057743209127295e+01
6.137780709881374008e+01
1.211481477000749507e+01
6.973718539501946623e+01
4.488366834674980055e+01
-1.766363646681995547e+01
-4.293119898967567849e+01
6.275377111408894137e+01
-7.967675055583595167e+01
-2.715379789268596866e+01
-4.911179442767016212e+01
-3.412602241848055495e+00
-2.450369244477184516e+00
-2.864998616014421629e+01
-2.508526696207595919e+01
-9.943256408780217726e+01
6.326531835363082479e+01
-2.691053867343421047e+01
3.666209404257467952e+01
-4.441665858192263272e+01
1.337316888662274437e+02
2.915090759533871534e-01
-5.349746531019776796e+01
1.493171002722894380e+00
8.728418416772970545e+01
4.953215731091437135e+01
1.217760582142090584e+02
9.464090727156307992e+01
2.429220847664619853e+01
-8.074016817894546705e+01
-8.456549838664984975e+01
-1.142209685173951783e+02
6.359285151493612886e+01
6.437308524724782899e+01
8.938223966454319225e+01
-5.698245772072540660e+01
-4.563950590903665017e+01
-3.860417540684491655e+01
-3.715937193146710626e+01
1.341776212668166224e+01
7.297952761331514182e+01
-2.656606839977354895e+01
-6.512467782366643121e+01
-1.255013480666544723e-01
3.998655079678158586e+01
1.858953847181489749e+01
-4.981706586509393730e+01
6.778585006989543160e+01
3.851404405825159927e+01
3.859449798864725167e+00
2.538721535036085442e+01
1.371835237434571297e+01
-1.348623742903634337e+01
-1.783829041338739074e+01
2.480201396225192312e+00
4.375857074670954638e+00
-8.173241217728636343e+01
-6.008946182009897541e+01
-5.472584596820118463e+01
1.425212420004937997e+01
1.338027998966646148e+00
-2.703354647574732539e+01
5.379201018390578071e+01
2.394822792791568133e+01
-8.337312364916022034e+01
9.923523501758168663e+01
-1.172866336523378408e+02
-3.969914103087892165e+00
6.874557041608170493e+01
-4.212000140525208991e+00
2.218599780927474896e+01
2.097926287811259627e+01
-7.080042307292127646e+01
-1.478018003458122642e+01
-4.558168147100070655e+01
1.020947669112555616e+02
-9.286447181850823185e+00
6.717347585584063552e+01
2.286953598794600495e+01
2.568177497032057488e+01
-1.195310086248284343e+01
-7.099507517819652946e+01
-1.323838185838807568e+01
1.555903225059491035e+01
-4.848164649617990563e+01
-5.861305238230865911e+01
-7.112386123499146606e+01
-2.108159285611262135e+01
3.360488741402346591e+01
6.753801277218393295e+01
3.832520843376989461e+01
-9.761880320148835111e+00
-4.070899929867369593e+01
-7.552793884610707664e+01
1.323825150628823222e+00
-8.221798038941454223e+00
-5.502694381913680388e+01
-2.400691796461772753e+01
-3.973336670640289725e+01
3.349838344039740434e+01
8.776942118689339623e+01
1.069043812635055559e+02
-2.114908010856328247e+01
8.610160862787832059e+01
-7.522676967438461304e+01
-1.399350963193102437e+01
-1.311402469215379369e+02
-2.579304039576929330e+00
-1.246078158737871178e+01
-2.866771519765192267e+01
8.802760920776316311e+01
-2.090915041539620489e-01
-5.696647284270190426e+01
2.565020081607795710e+00
-3.081568763086229268e+01
1.862844848395799602e+01
-6.203386709896834361e+01
1.284488764846062736e+02
-2.166592073034164301e+01
7.637116286031170098e+00
-6.256658780071416714e+01
2.854976537784932233e+01
6.466985986804374420e+01
-8.268831529516815237e+01
3.274526035099159316e+01
1.356555076918739644e+01
1.191781075572361601e+02
1.937940554239191115e+01
-6.475884989740033904e-01
4.724234410278705099e+01
4.721844621352035887e+01
5.522611808345048701e+01
-8.414240434754456999e+01
-3.624764872795795867e+01
-1.079377906039016324e+02
3.948442563229076541e+01
-6.074428726008247992e+01
2.284707341771869338e+01
-4.227325320743014814e+00
4.174440119999524690e+00
8.649075515099001166e+01
-1.124995348814379525e+02
5.564169422930509512e+01
-4.402188109020583084e+01
-1.019948114138337161e+02
-1.202328070011624206e+01
-5.833291317249934593e+01
1.476591298223346769e+02
2.083848102750741660e+01
-5.647537144205762871e+01
-5.919142146180457331e+01
-9.296402091761846975e+01
1.199120507948993293e+02
1.102566452668999091e+02
-1.212281527349326069e+02
-1.624050386177564320e+01
1.834020069470716763e+01
-9.992574400150111558e+01
-1.290061037212717565e+01
3.442454980275748966e+01
3.047004442366828769e+00
-6.891717955945293284e+01
-1.184511509451576785e+02
-4.723935583498484192e-01
-2.279739805737488823e+01
1.882931017153030950e+01
7.849529680570871903e+01
-3.238393762639397266e+01
-4.549717199742190132e+01
9.124998940205986742e+01
5.132569436732858037e+00
-4.287598358530091502e+01
-2.661749371359836402e+01
-7.509197897677994149e+01
1.243306758886169092e+02
-5.331632453650641423e+00
-1.118255339269962718e+02
5.014056839195510662e+01
-9.628362112270208684e+01
4.771333051802805869e+01
2.927381194072916415e+01
9.405745165504096406e+01
-6.725060415799566726e+01
6.100382243589415054e+01
-7.486672894847882276e+01
-1.170591172885268350e+01
-8.433739444727294199e+01
4.825503987003038020e+01
1.295675268676388114e+01
2.989557116520590796e+01
4.158363033705700218e+01
6.541521374072949868e+01
-1.201514797272365342e+02
3.820667709011850377e+00
7.159903428572886419e+00
3.728402192371829926e+01
2.926002823705924527e+01
-1.624566992992769343e+01
-3.992385289497532597e+01
-2.003777005157685309e+01
-1.651368448416611567e+00
4.510741653288400954e+01
3.265535755834936538e+01
-8.921450566818607797e+01
-1.414108099554179532e+01
-5.454964419510425877e+00
-6.649389602668418320e+01
-9.635254168082008164e+01
3.920707093401487242e+01
3.259964178092730691e+01
8.661975494110737372e+01
-1.714132047930015901e+01
1.065467317638136402e+00
9.195185563146915797e+01
9.574086812944804237e+00
3.607652112681314094e+01
-3.907398491843500921e+01
5.174718190799940487e+01
-1.164980281786451144e+02
1.151733944101605545e+02
2.390561522466909672e+00
-1.659343152146252010e+02
-1.097364271138100378e+02
2.986233170037986540e+01
6.497777634457830231e+01
-1.736151636518778574e+01
-3.823997951018087349e+01
-1.864528859539582228e+01
1.141921213122831347e+02
5.691403955449666796e+01
-8.877538165784340407e+00
-9.682101903813475019e+01
-3.540875585547126292e+01
2.423731796666949379e+01
4.169609793537210152e+01
-1.160647414089451779e+01
-6.134827721819165447e+01
1.338345357226034196e+02
4.541332969557650756e+01
-7.170829184411343249e+01
-6.117912414929404008e+01
-9.981151838294513823e+01
3.662278242412757123e+01
1.364853894215312096e+02
-9.317645452138187068e+01
-1.995664966648283780e+02
-5.617777403514045176e+01
-1.083713024734089174e+02
-7.997366199249381680e+01
-1.592630692360227158e+02
2.155332058969416309e+01
-3.895536859137043173e+00
-1.331496438280529730e+02
2.486317708845511021e+01
1.943301591018536811e+01
-1.469100734691497792e+02
1.423893984573055604e+02
4.702080008203231642e+01
9.708025679221225346e+01
-1.019472930370356600e+01
-2.963099805362735140e+01
1.134299737339479108e+01
9.578818724179375010e+01
-2.616901505340410328e+00
8.117810098052015633e+01
-2.589786778467015438e+01
-2.541283141008601376e+01
-4.943618272875643527e+01
-5.707712941872726731e+01
-1.400070614363310639e+01
-3.413579622951460379e+01
-5.824659401388365865e+01
-8.165752810044668308e+01
-7.050852839271041006e+00
-4.362256982911240044e+01
4.247791003738124971e+01
-1.568846102709391666e+01
5.575098389282556610e+01
-2.074282145406526467e+01
-3.563286072933421877e+01
2.068733838131902036e+00
9.638135150777534932e+01
-2.428666597535797322e+01
-5.096103850942021296e+01
